Tc1
2
8 100
70 60 55 43 57 60 44 50
58 40 47 90 45 52 80 40
5 120
70 55 57 60 50
47 90 45 52 80

11
6

Tc2
1
1 80
20
61
2

Tc3
4
6 5
1 5 1 1 1 1
1 1 1 1 5 1
12 5
1 1 1 1 1 5 1 1 1 1 1 5
1 1 5 1 1 5 1 1 5 1 1 5
3 5
1 4 1
1 4 1
4 5
2 4 1 1
3 1 4 3

8
16
3
4

Tc4
3
8 100
70 60 55 43 57 60 44 50
58 40 47 90 45 52 80 40
1 100
49
49
1 100
51
51

11
1
2

Tc5
8
2 100
49 49
49 49
2 100
51 51
51 51
2 100
49 51
51 49
2 100
51 51
49 49
2 100
49 51
51 51
2 100
51 49
51 51
2 100
51 51
49 51
2 100
51 51
51 49

2
4
2
2
3
3
3
3

Tc6
8
3 100
49 49 49
49 49 49
3 100
49 51 51
51 51 51
3 100
51 51 51
49 51 51
3 100
49 51 51
49 51 51
3 100
49 51 49
49 51 49
3 100
51 51 49
51 49 51
3 100
49 51 49
51 51 51
3 100
51 49 51
51 51 51

3
5
5
4
3
4
4
5

Tc7
1
5 10
1 4 1 8 1
1 4 9 2 8

5

Tc8

1
6 10
5 4 6 4 6 5
5 4 6 4 6 5

6

Tc9
1
5 10
1 9 1 9 1
9 2 9 2 9

6