TC1
10
1 2
1 3
2 4
2 5
3 6
4 7
4 8
7 9
8 10
9
2 2 3
1 9 10
4 5 6
8 9 10
6 9 10
5 9 10
3 9 10
7 7 7
3 4 5

1
4
1
-1
2
4
-1
7
-1

TC2
7
1 2
1 3
2 4
2 5
3 6
3 7
2
5 6 7
1 2 3

1
-1

TC3
5
1 2
2 3
3 4
4 5
2
3 3 3
2 3 4

3
-1

TC4
6
1 2
2 3
3 4
4 5
4 6
3
3 3 3
2 3 4
3 5 6

3
-1
4

TC5
5
1 2
2 3
3 4
4 5
5
1 1 1
2 2 2
3 3 3
4 4 4
5 5 5

1
2
3
4
5

TC6
12
1 2
2 3
2 4
3 5
3 6
4 7
5 8
5 9
6 10
9 11
10 12
2
7 11 12
1 4 10

3
3