1000000 1000000 10 100
0 1000000
1 1000000
2 1000000
3 1000000
4 1000000
5 1000000
6 1000000
7 1000000
8 1000000
9 1000000

0 1000000
10

5 5 18 3
1 1
1 2
1 3
1 5
2 1
2 4
2 5
3 1
3 5
4 1
4 2
4 4
4 5
5 1
5 2
5 3
5 4
5 5

2 4
10

1000000 1000000 1 1000000
500000 500000

0 1000000
1

1000000 1000000 3 100
1000000 1000000
999999 999999
1000000 999998

999900 1000000
3

10 10 3 5
7 10
8 8
10 7

5 10
3

10 10 3 5
3 10
2 8
0 7

0 10
3

10 10 3 5
10 3
7 0
8 2

5 5
3

100 100 2 99
0 0
99 0

0 99
2

100 100 9 2
53 53
53 54
53 55
54 54
54 55
54 56
55 55
55 56
55 57

53 56
7

10 10 5 2
2 2
3 1
3 2
3 3
4 2

2 3
5

10 10 9 4
1 2
2 2
3 0
3 1
3 2
3 3
3 4
4 2
5 2